20 15 68 96
22 5 11 71
20 7 43 99
24 13 26 96
23 22 52 93
24 22 83 92
10 2 77 77
23 15 53 82
22 5 40 48
12 3 37 45
24 24 58 66
3 1 10 33
24 21 31 37
8 8 21 24
21 14 13 14
23 4 20 28
24 17 9 86
23 11 22 67
20 16 18 45
22 22 2 97
19 10 4 83
20 5 53 72
13 1 47 81
9 6 35 61
24 6 7 78
22 1 79 98
14 12 79 97
23 23 40 54
14 13 25 100
21 21 46 52
24 22 96 99
15 10 24 91
24 19 12 77
24 18 68 96
22 7 76 96
11 9 74 93
19 16 47 86
20 7 53 83
11 6 33 76
1 1 82 85
18 16 53 96
22 10 70 87
24 17 70 97
13 6 45 45
14 10 97 98
22 17 59 74
24 24 40 92
24 14 34 36
20 1 91 99
22 7 7 90
9 6 70 89
11 1 30 66
14 14 60 92
24 20 73 84
15 9 78 85
6 4 68 99
21 17 92 93
10 3 89 93
10 7 78 99
19 4 56 99
23 4 57 63
13 1 87 97
10 4 85 97
24 24 89 94
21 20 85 89
16 16 67 95
23 21 79 97
5 4 96 99
21 21 17 40
16 11 55 65
20 20 6 68
4 4 33 65
9 2 92 94
16 12 81 87
24 7 8 39
24 21 28 49
14 14 7 98
10 8 77 96
21 20 35 91
9 9 56 83
12 10 25 71
17 14 29 62
13 11 22 39
24 11 49 99
19 19 59 96
17 16 68 81
17 11 53 87
15 1 64 84
4 4 72 79
23 19 7 60
15 13 73 84
21 12 84 93
23 22 12 30
24 18 49 99
14 3 25 41
10 9 90 94
22 22 89 99
24 24 5 7
5 1 58 90
23 23 9 9
